== base 2026-10-03T21:55:14Z
+------------------------------------------------+---------+
| key                                            | value   |
+------------------------------------------------+---------+
| EVENT_INDEX_ACCOUNTID_MAX_BLOCKNUMBER          | 2310299 |
| PROCESS_BLOCKS_MAX_BLOCKNUMBER                 | 2310299 |
| PROCESS_DECODER_MAX_BLOCKNUMBER                | 2310299 |
| PROCESS_ETL                                    | 2310299 |
| PROCESS_ETL_DATETIME                           | 2310299 |
| PROCESS_ETL_EXPLORER_LOGS_MAX_BLOCKNUMBER      | NULL    |
| PROCESS_ETL_EXPLORER_TRANSFERS_MAX_BLOCKNUMBER | NULL    |
| PROCESS_STATE_MAX_BLOCKNUMBER                  | 2310299 |
+------------------------------------------------+---------+
+--------------+--------------+-----------------+
| explorer_min | explorer_max | explorer_blocks |
+--------------+--------------+-----------------+
|      2310001 |      2310299 |             200 |
+--------------+--------------+-----------------+
+------------------------------------------+-----------------------+----------+---------+--------+
| db                                       | TABLE_NAME            | rows_est | data_mb | idx_mb |
+------------------------------------------+-----------------------+----------+---------+--------+
| testnet_leafchain_ecq_fault_harvester    | codec_block_extrinsic |      486 |     5.5 |    0.4 |
| testnet_leafchain_ecq_fault_explorer_api | explorer_extrinsic    |      398 |     4.5 |    0.2 |
| testnet_leafchain_ecq_fault_harvester    | node_block_extrinsic  |      375 |     2.5 |    0.1 |
| testnet_leafchain_ecq_fault_harvester    | codec_block_event     |      527 |     1.5 |    0.4 |
| testnet_leafchain_ecq_fault_harvester    | runtime_call_argument |      528 |     1.5 |    0.4 |
| testnet_leafchain_ecq_fault_harvester    | codec_block_storage   |      299 |     1.5 |    0.3 |
+------------------------------------------+-----------------------+----------+---------+--------+
+------------------------------------------+----------+
| db                                       | total_mb |
+------------------------------------------+----------+
| testnet_leafchain_ecq_fault_explorer_api |      5.6 |
| testnet_leafchain_ecq_fault_harvester    |     18.3 |
+------------------------------------------+----------+
61	/var/lib/mysql/testnet_leafchain_ecq_fault_harvester
13	/var/lib/mysql/testnet_leafchain_ecq_fault_explorer_api
169	total
== integrity
+---------------+---------------------------------------------------------------------------------------------------------------------------------------------------------------------------------------------------------------------------------------------------------------------------------------------------------------------------------------------------------------------------------------------------------------------------------------------------------------------------------------------------------------------------------------------------------------------------------------------------------------------------------------------------------------------------------------------------------------------------------------------------------------------------------------------------------------------------------+
| explorer_gaps | missing_blocks                                                                                                                                                                                                                                                                                                                                                                                                                                                                                                                                                                                                                                                                                                                                                                                                                  |
+---------------+---------------------------------------------------------------------------------------------------------------------------------------------------------------------------------------------------------------------------------------------------------------------------------------------------------------------------------------------------------------------------------------------------------------------------------------------------------------------------------------------------------------------------------------------------------------------------------------------------------------------------------------------------------------------------------------------------------------------------------------------------------------------------------------------------------------------------------+
|           100 | 2310000,2310004,2310007,2310010,2310013,2310016,2310019,2310022,2310025,2310028,2310031,2310034,2310037,2310040,2310043,2310046,2310049,2310052,2310055,2310058,2310061,2310064,2310067,2310070,2310073,2310076,2310079,2310082,2310085,2310088,2310091,2310094,2310097,2310100,2310103,2310106,2310109,2310112,2310115,2310118,2310121,2310124,2310127,2310130,2310133,2310136,2310139,2310142,2310145,2310148,2310151,2310154,2310157,2310160,2310163,2310166,2310169,2310172,2310175,2310178,2310181,2310184,2310187,2310190,2310193,2310196,2310199,2310202,2310205,2310208,2310211,2310214,2310217,2310220,2310223,2310226,2310229,2310232,2310235,2310238,2310241,2310244,2310247,2310250,2310253,2310256,2310259,2310262,2310265,2310268,2310271,2310274,2310277,2310280,2310283,2310286,2310289,2310292,2310295,2310298 |
+---------------+---------------------------------------------------------------------------------------------------------------------------------------------------------------------------------------------------------------------------------------------------------------------------------------------------------------------------------------------------------------------------------------------------------------------------------------------------------------------------------------------------------------------------------------------------------------------------------------------------------------------------------------------------------------------------------------------------------------------------------------------------------------------------------------------------------------------------------+
+----------------+-------------------------------------------------------------------------------------------------------------------------------------------------------------------------------------------------------------------------------------------------------------------------------------------------------------------------------------------------------------------------------------------------------------------------------------------------------------------------------------------------------------------------------------------------------------------------------------------------------------------------------------------------------------------------------------------------------------------------------------------------------------------------+
| partial_blocks | blocks                                                                                                                                                                                                                                                                                                                                                                                                                                                                                                                                                                                                                                                                                                                                                                  |
+----------------+-------------------------------------------------------------------------------------------------------------------------------------------------------------------------------------------------------------------------------------------------------------------------------------------------------------------------------------------------------------------------------------------------------------------------------------------------------------------------------------------------------------------------------------------------------------------------------------------------------------------------------------------------------------------------------------------------------------------------------------------------------------------------+
|             93 | 2310007,2310010,2310013,2310016,2310019,2310022,2310025,2310028,2310031,2310034,2310037,2310040,2310043,2310046,2310049,2310052,2310055,2310058,2310061,2310064,2310067,2310070,2310073,2310076,2310079,2310082,2310085,2310088,2310091,2310094,2310097,2310100,2310106,2310109,2310112,2310115,2310118,2310121,2310124,2310127,2310130,2310133,2310136,2310139,2310142,2310145,2310148,2310154,2310157,2310160,2310163,2310166,2310169,2310172,2310175,2310178,2310181,2310184,2310187,2310190,2310193,2310199,2310202,2310205,2310208,2310211,2310214,2310217,2310220,2310223,2310226,2310229,2310232,2310235,2310238,2310244,2310247,2310250,2310253,2310256,2310259,2310262,2310265,2310268,2310271,2310274,2310277,2310280,2310283,2310286,2310289,2310292,2310298 |
+----------------+-------------------------------------------------------------------------------------------------------------------------------------------------------------------------------------------------------------------------------------------------------------------------------------------------------------------------------------------------------------------------------------------------------------------------------------------------------------------------------------------------------------------------------------------------------------------------------------------------------------------------------------------------------------------------------------------------------------------------------------------------------------------------+
